999
8 15
20 8
51 8
88 8
91 8
94 8
108 8
118 8
114 8
162 8
169 8
204 8
183 8
262 8
263 8
289 8
341 8
344 8
372 8
392 8
409 8
521 8
469 8
553 8
581 8
615 8
661 8
837 8
744 8
796 8
721 8
847 8
995 8
10 8
26 8
31 8
44 8
67 8
101 8
150 8
153 8
195 8
155 8
243 8
386 8
401 8
402 8
413 8
415 8
438 8
458 8
461 8
475 8
522 8
617 8
513 8
670 8
686 8
665 8
714 8
740 8
751 8
813 8
817 8
846 8
856 8
873 8
929 8
960 8
991 8
49 8
52 8
72 8
99 8
130 8
133 8
137 8
236 8
383 8
307 8
376 8
394 8
410 8
424 8
454 8
455 8
494 8
537 8
674 8
701 8
703 8
716 8
770 8
800 8
832 8
858 8
808 8
881 8
912 8
932 8
956 8
12 8
30 8
32 8
40 8
80 8
93 8
115 8
129 8
134 8
144 8
147 8
188 8
157 8
259 8
285 8
297 8
321 8
330 8
345 8
371 8
407 8
414 8
443 8
490 8
562 8
571 8
612 8
572 8
625 8
643 8
653 8
662 8
697 8
760 8
801 8
833 8
835 8
841 8
872 8
891 8
903 8
953 8
937 8
947 8
984 8
6 8
18 8
146 8
151 8
165 8
173 8
252 8
199 8
244 8
273 8
290 8
336 8
350 8
355 8
373 8
365 8
382 8
405 8
426 8
434 8
528 8
459 8
534 8
547 8
566 8
573 8
609 8
681 8
689 8
695 8
763 8
805 8
857 8
920 8
879 8
36 8
61 8
65 8
76 8
95 8
96 8
102 8
123 8
160 8
163 8
168 8
172 8
171 8
226 8
198 8
238 8
234 8
250 8
266 8
288 8
353 8
375 8
465 8
478 8
495 8
501 8
517 8
563 8
579 8
585 8
582 8
590 8
595 8
651 8
657 8
684 8
711 8
715 8
753 8
758 8
769 8
774 8
810 8
818 8
834 8
876 8
930 8
943 8
949 8
957 8
958 8
967 8
996 8
965 8
2 8
46 8
55 8
59 8
116 8
143 8
218 8
223 8
271 8
280 8
331 8
359 8
366 8
385 8
390 8
428 8
464 8
529 8
545 8
577 8
580 8
599 8
601 8
628 8
709 8
710 8
759 8
789 8
816 8
871 8
882 8
911 8
918 8
919 8
934 8
990 8
0 8
37 8
58 8
66 8
82 8
85 8
119 8
131 8
158 8
161 8
206 8
214 8
215 8
246 8
224 8
248 8
257 8
269 8
335 8
337 8
343 8
384 8
432 8
487 8
484 8
535 8
607 8
608 8
630 8
631 8
636 8
632 8
637 8
660 8
668 8
676 8
698 8
717 8
720 8
731 8
781 8
773 8
793 8
806 8
824 8
828 8
868 8
897 8
910 8
928 8
981 8
68 8
69 8
86 8
117 8
175 8
185 8
191 8
237 8
264 8
291 8
310 8
395 8
419 8
476 8
542 8
548 8
552 8
586 8
589 8
618 8
634 8
635 8
659 8
673 8
683 8
685 8
700 8
752 8
762 8
782 8
788 8
883 8
898 8
904 8
901 8
909 8
940 8
941 8
946 8
974 8
979 8
53 8
54 8
79 8
84 8
104 8
180 8
190 8
207 8
221 8
253 8
322 8
324 8
363 8
398 8
403 8
418 8
427 8
445 8
449 8
523 8
558 8
568 8
578 8
587 8
598 8
696 8
699 8
749 8
750 8
783 8
798 8
892 8
902 8
916 8
980 8
945 8
985 8
999 8
71 15
27 15
242 15
249 15
408 15
470 15
471 15
511 15
543 15
619 15
795 15
797 15
894 15
861 15
105 15
200 15
256 15
481 15
840 15
620 15
735 15
885 15
982 15
993 15
138 15
231 15
270 15
304 15
318 15
327 15
444 15
368 15
544 15
726 15
977 15
452 15
765 15
988 15
156 15
182 15
518 15
583 15
675 15
794 15
705 15
825 15
853 15
862 15
915 15
124 15
227 15
437 15
474 15
622 15
624 15
664 15
737 15
952 15
47 15
126 15
838 15
503 15
128 15
927 15
57 15
498 15
633 15
666 15
510 15
961 15
64 15
295 15
399 15
466 15
417 15
527 15
968 15
884 15
97 15
152 15
306 15
496 15
564 15
512 15
600 15
98
140
11
298
19
391
241
329
347
893
626
629
109
820
181
22
775
441
29
39
524 20
339 20
447 20
422 20
482 20
388 20
525 20
866 20
338 20
492 20
973 20
603 20
50
479
296
166
504
728
202
468
216
560
576
3
387
17
4
167
799
265
70
154
483
34
275
87
211
38
203
21
860
5
652
645
35
358
233
25
602
28
1
81
450
228
281
7
286
78
442
92
260
24
125
951
570
77
41
433
605
964
48
688
258
107
567
23
370
159
103
294
141
994
193
189
724
201
121
136
43
14
13
606
230
497
536
309
644
9
60
197
654
460
784
219
278
127
217
550
139
802
149
532
499
723
627
849
74
100
196
436
584
412
56
225
179
194
467
815
254
277
361
778
332
416
596
251
663
480
222
514
869
16
62
209
777
148
245
210
406
446
89
300
393
328
671
247
255
855
45
83
90
314
272
301
488
736
316
889
120
638
325
73
743
364
473
360
334
356
933
111
423
756
899
239
75
616
755
184
178
279
145
768
164
113
287
112
132
176
614
135
208
852
878
829
42
276
186
299
192
292
648
509
557
707
462
174
704
456
240
268
435
677
311
261
814 27
936
551
348
439
923
323
305
400
229
212
315
367
302
472
313
531
559
477
33
597
213
404
546
282
187
110
293
489
507
430
333
319
220
745
451
803
312
177
485
921
809
205
374
349
340
284
283
732
565
411
63
505
106
746
170
320
913
389
232
317
352
761
998
997
588
142
362
342
425
267
457
463
727
613
369
486
508
539
303
379
493
826
381
848
235
519
541
942
122
538
500
647
561
354
718
640
719
440
574
807
502
623
397
950
908
712
431
533
742
556
351
357
421
530
274
377
346
378
575
970
594
830
326
429
506
725
907
554
526
939
610
520
867
767
516
396
448
682
667
650
924
540
549
646
679
819
658
672
708
886
420
811
669
865
706
836
453
702
888
843
729
812
887
604
713
764
741
611
555
592
842
790
690
779
963
678
747
621
656
693
863
591
771
491
694
722
978
641
992
691
787
569
515
733
730
308
380
687
692
739
851
786
738
844
823
839
754
926
649
655
776
880
922
791
757
845
874
766
831
792
859
772
896
972
821
877
804
827
864
593
969
850
890
966
875
906
748
639
986
948
987
680
642
917
976
734
780
955
785
822
975
870
989
854
895
944
962
900
905
931
971
914
959
925
935
938
954
983
