750
150 153
344 372
93 115
155 195
50
10 995
779
23
567
596
171 226
40 80
169 204
454 455
165 173
264 291
3
47 65
797 814
8 15
518 525
101 105
44 67
885 929
182 188
200 243
833 835
51 88
401 402
313
330 345
12 977
131 158
114 162
20 27
127
0 37
62
576
229
256 386
251
2 967
72 99
125
951
570
241
143 218
339 341
475 481
6 984
30 32
137 138
387
17
991 993
424 452
422 444
438 447
266 288
89
443 490
199 227
409 470
231 236
881 932
786
838 876
458 461
637 660
283
223 271
87
765 800
392 408
832 912
11
511 521
34
26 31
635 659
41
433
49 52
314
4
76 95
145
768
337 343
70
53 54
130 133
21
203
18 124
211
38
714 735
270 304
265
394 410
620 670
619 721
469 471
9
22
775
441
371 388
286
78
249 262
83
774 810
697 705
244 252
543 553
91 94
198 238
13
606
230
497
190 207
368 383
327 376
85 119
334
356
413 415
273 290
588
336 350
661 795
103
108 118
561
272
573 609
216
160 163
468
202
248 257
156 157
183 242
112
144 147
36 61
405 426
116 128
631 633
59 71
754
224 246
484 487
805 857
522 524
113
840 846
939
5
434 437
166
296
68 69
370
478 492
459 474
994
141
28
1
81
450
228
281
221 253
952 973
482 537
146 151
608 630
46 55
622 624
355 373
815
254
710 759
590 595
48
960 982
744 796
867
328
393
225
179
129 134
813 817
175 185
259 285
915 937
297 321
77
806 824
123 126
582 585
494 544
407 414
416
332
778
277
361
643 653
139
513 617
488
301
736
316
889
66 82
197
60
19
298
581 615
945 980
760 794
45
801 825
612 625
934 990
782 788
429
550
187
280 331
245
148
411
96 102
320
338 353
913
638
120
263 289
375 465
664 681
726 770
352
676 698
740 751
597
847 894
604
480
109
820
181
546
149
532
499
723
627
849
964
605
516
268
435
677
196
436
584
412
56
98
140
63
505
302
367
662 675
510 607
818 834
462
385 390
25
529 545
866 879
808 858
707
509
557
956 988
930 949
891 903
167
799
234 250
92
191 237
194
467
837 861
35
358
233
239
899
111
423
756
563 579
57 58
703 716
572 583
201
121
136
43
14
74
100
528 534
152 180
773 793
745
451
406
210
508
539
310 399
551
348
439
923
323
7
614
176
527 542
564 568
926
106
365 382
530
856 873
663
674 701
154
483
64 981
205
161 206
503 517
292
648
702
888
706
324 363
269 335
860
398 403
562 571
457
267
692
274
90
79 84
547 566
178
279
704
174
97 104
486
170
746
729
812
629
626
893
347
86 117
329
504
728
928 961
306 322
713
213
16
665 686
261
472
725
907
644
309
536
841 853
598 600
718
599 601
275
586 589
354
559
477
33
632 636
142
75
616
755
184
24
260
767
369
920 943
739
159
578 587
247
255
689 695
378
384 432
933
39
29
758 769
168 172
295 395
312
803
485
921
737 763
533
742
495 501
752 762
42
276
132
287
164
214 215
209
717 720
389
789 816
671
776
189
307 318
404
974 979
669
865
654
460
784
898 904
919 927
594
712
431
549
177
364
473
360
684 711
761
479
938
110
293
400
232
317
357
278
219
741
611
73
743
871 882
577 580
855
122
538
193
965 996
428 464
628 709
646
985 999
294
901 909
785
186
299
603 696
911 918
217
512 558
750 783
732
565
192
642
680
396
235
519
379
303
282
359 366
962
548 552
463
727
613
715 753
688
258
107
212
315
417 419
708
886
311
940 941
957 958
420
240
453
300
731 781
377
346
540
220
319
333
430
507
391
908
950
397
623
502
830
326
500
647
440
719
208
645
569
515
498 535
308
381
848
284
340
349
374
425
828 868
342
362
733
556
351
491
694
456
526
554
418 427
900
699 749
972
591
947 953
641
992
897 910
651 657
878
829
325
555
421
305
466 476
593
514
222
869
560
771
448
682
496 523
831
802
575
970
541
942
804
862 872
896
936
678
666 668
610
442
790
618 634
652
640
798 892
445 449
673 683
963
489
649
531
687
380
809
658
667
650
924
446
656
621
520
823
844
685 700
493
826
766
874
757
883 884
734
852
839
672
730
946 968
690
976
917
693
679
819
791
850
135
944
787
691
875
843
811
890
777
836
747
574
807
722
978
592
842
922
880
639
986
792
602
506
935
772
859
851
845
906
748
655
821
764
955
780
724
887
863
738
905
931
971
827
864
997
998
954
822
975
870
989
854
877
914
959
895
902 916
925
987
948
966
983
969
